Sample	N_input_reads	N_uniq_mapped	pct_uniq_mapped	pct_map_multiple_loci	pct_map_many_loci	pct_unmap_mismatch	pct_unmap_short	pct_unmap_other	pct_chimera
SRR10600874	24573407	21289761	86.64	8.11	0.01	0.00	5.23	0.00	0.00
SRR10600875	41956555	36385631	86.72	7.94	0.01	0.00	5.32	0.01	0.00
SRR10600877	32727537	27585385	84.29	10.64	0.01	0.00	5.06	0.00	0.00
SRR10600878	31277126	26901303	86.01	7.19	0.01	0.00	6.78	0.00	0.00
SRR10600879	42098294	34315615	81.51	10.35	0.01	0.00	8.12	0.00	0.00
SRR10600880	30213062	25252423	83.58	8.21	0.01	0.00	8.19	0.00	0.00
SRR10600881	19184333	16144950	84.16	8.89	0.01	0.00	6.93	0.00	0.00
SRR10600882	32654458	28164003	86.25	6.58	0.01	0.00	7.15	0.00	0.00
SRR10600883	44083349	36960301	83.84	7.09	0.01	0.00	9.05	0.01	0.00
SRR10600884	61456783	51249720	83.39	5.66	0.01	0.00	10.93	0.01	0.00
SRR10600885	69300503	57454944	82.91	6.31	0.01	0.00	10.76	0.02	0.00
SRR10600888	41331554	34340074	83.08	10.15	0.01	0.00	6.75	0.00	0.00
SRR10600889	20357783	18035542	88.59	5.97	0.01	0.00	5.42	0.00	0.00
SRR10600890	23734958	19241745	81.07	9.23	0.01	0.00	9.70	0.00	0.00
SRR10600892	59920011	48203346	80.45	8.93	0.01	0.00	10.62	0.00	0.00
SRR10600893	73132063	62536948	85.51	7.91	0.01	0.00	6.56	0.01	0.00
SRR10600894	59657268	49416537	82.83	9.68	0.01	0.00	7.47	0.00	0.00
SRR10600896	73353324	65379270	89.13	6.40	0.01	0.00	4.45	0.01	0.00
SRR10600899	30465349	26213360	86.04	8.27	0.01	0.00	5.67	0.00	0.00
SRR10600900	178866416	156146184	87.30	5.60	0.01	0.00	7.09	0.00	0.00
SRR10600901	16418877	14179304	86.36	7.03	0.01	0.00	6.59	0.00	0.00
SRR10600902	51371667	43525489	84.73	9.79	0.01	0.00	5.47	0.00	0.00
SRR10600903	49439438	40728780	82.38	8.31	0.01	0.00	9.29	0.01	0.00
SRR10600904	46044428	38669982	83.98	9.29	0.01	0.00	6.72	0.00	0.00
SRR10600905	65537752	55661312	84.93	8.98	0.01	0.00	6.08	0.00	0.00
SRR10600906	24727129	21000240	84.93	8.98	0.01	0.00	6.08	0.01	0.00
SRR10600907	28634152	24165181	84.39	9.22	0.01	0.00	6.37	0.01	0.00
SRR10600908	26201046	22276610	85.02	9.99	0.01	0.00	4.97	0.01	0.00
SRR10600909	50992703	42342697	83.04	7.83	0.01	0.00	9.12	0.01	0.00
SRR10600910	34898392	30094677	86.24	7.90	0.01	0.00	5.86	0.00	0.00
SRR10600911	41170097	34882137	84.73	9.27	0.01	0.00	5.99	0.00	0.00
SRR10600912	30874500	26712642	86.52	8.56	0.01	0.00	4.90	0.00	0.00
SRR10600913	29892853	25551142	85.48	8.71	0.01	0.00	5.80	0.01	0.00
SRR10600914	43407576	36629790	84.39	8.32	0.01	0.00	7.29	0.00	0.00
SRR10600915	57505290	48181381	83.79	7.17	0.01	0.00	9.03	0.01	0.00
SRR10600916	29301608	24303110	82.94	8.42	0.01	0.00	8.63	0.01	0.00
SRR10600917	55964701	43819957	78.30	7.42	0.01	0.00	14.26	0.01	0.00
SRR10600918	50426301	42901566	85.08	8.70	0.01	0.00	6.22	0.00	0.00
SRR10600919	55581256	47190514	84.90	8.91	0.01	0.00	6.17	0.01	0.00
SRR10600920	38123981	32334811	84.81	8.65	0.01	0.00	6.52	0.00	0.00
SRR10600921	44975357	38257927	85.06	8.36	0.00	0.00	6.57	0.00	0.00
SRR10600922	18829833	15892444	84.40	9.06	0.01	0.00	6.53	0.00	0.00
SRR10600923	31772846	26869408	84.57	8.22	0.01	0.00	7.21	0.00	0.00
SRR10600924	85349098	71020917	83.21	9.22	0.01	0.00	7.56	0.00	0.00
SRR10600925	29525770	25624710	86.79	7.97	0.01	0.00	5.23	0.00	0.00
SRR10600926	74185174	62794730	84.65	8.54	0.01	0.00	6.81	0.00	0.00
SRR10600927	43472242	38057232	87.54	7.15	0.01	0.00	5.30	0.00	0.00
SRR10600928	32104215	27517186	85.71	8.89	0.01	0.00	5.39	0.00	0.00
SRR10600929	29129534	24666899	84.68	9.18	0.01	0.00	6.13	0.00	0.00
SRR10600930	38284544	30946610	80.83	10.78	0.01	0.00	8.38	0.00	0.00
SRR10600931	34190110	29316378	85.75	8.64	0.01	0.00	5.60	0.01	0.00
SRR10600932	30826720	26174767	84.91	7.62	0.01	0.00	7.46	0.00	0.00
SRR10600933	42845906	35826675	83.62	10.60	0.01	0.00	5.77	0.00	0.00
SRR10600934	47115307	38641524	82.01	9.44	0.01	0.00	8.53	0.00	0.00
SRR10600935	30126763	26072178	86.54	7.93	0.01	0.00	5.52	0.01	0.00
SRR10600936	26838053	23199403	86.44	7.27	0.01	0.00	6.27	0.01	0.00
SRR10600937	35620361	30544720	85.75	8.25	0.01	0.00	5.98	0.01	0.00
SRR10600938	26756928	23107780	86.36	7.64	0.01	0.00	5.98	0.01	0.00
SRR10600939	31283015	27111329	86.66	7.32	0.01	0.00	6.00	0.01	0.00
SRR10600940	27600718	23372741	84.68	7.48	0.01	0.00	7.82	0.00	0.00
SRR10600941	34911987	30265974	86.69	7.75	0.01	0.00	5.54	0.01	0.00
SRR10600942	33391152	29037864	86.96	7.50	0.01	0.00	5.52	0.01	0.00
SRR10600943	21713611	18870871	86.91	7.46	0.01	0.00	5.62	0.00	0.00
SRR10600944	34077499	29164044	85.58	8.53	0.01	0.00	5.88	0.00	0.00
SRR192369	32630639	25428606	77.93	14.05	0.08	0.00	7.94	0.00	0.00
SRR192370	33268205	27112609	81.50	10.95	0.04	0.00	7.52	0.00	0.00
SRR192371	33562216	27535727	82.04	6.25	0.04	0.00	11.66	0.00	0.00
SRR192372	35441741	31075388	87.68	5.74	0.03	0.00	6.54	0.00	0.00
SRR192373	30015100	23904286	79.64	15.01	0.04	0.00	5.31	0.00	0.00
SRR28955708	20177042	17460132	86.53	3.88	0.03	0.00	9.44	0.11	0.00
SRR28955709	27423790	23807914	86.81	4.16	0.03	0.00	8.92	0.08	0.00
SRR28955710	25679929	22408139	87.26	3.94	0.03	0.00	8.66	0.10	0.00
SRR29474897	29388857	26323162	89.57	4.56	0.01	0.00	5.86	0.01	0.00
SRR29474898	29330515	26331151	89.77	4.44	0.02	0.00	5.76	0.00	0.00
SRR29474899	28655846	25746022	89.85	4.33	0.01	0.00	5.81	0.01	0.00
SRR29474900	29806060	26343147	88.38	4.47	0.02	0.00	7.13	0.01	0.00
SRR29474901	29926173	25742836	86.02	4.89	0.02	0.00	9.06	0.01	0.00
SRR29474902	29000195	25870756	89.21	4.27	0.01	0.00	6.50	0.01	0.00
SRR29474903	29163701	25782115	88.40	4.77	0.01	0.00	6.81	0.01	0.00
SRR29474904	27178415	23793133	87.54	4.83	0.01	0.00	7.61	0.01	0.00
SRR29474905	29417919	26171433	88.96	4.32	0.01	0.00	6.70	0.00	0.00
SRR29474906	29820270	26972360	90.45	4.21	0.01	0.00	5.32	0.00	0.00
SRR29474907	28327077	25638044	90.51	4.21	0.01	0.00	5.27	0.00	0.00
SRR29474908	29049056	26274891	90.45	4.16	0.01	0.00	5.38	0.01	0.00
SRR29474909	29437407	26655742	90.55	4.24	0.01	0.00	5.18	0.01	0.00
SRR29474910	28257075	24999738	88.47	4.82	0.01	0.00	6.69	0.01	0.00
SRR29474911	29088619	26024576	89.47	4.66	0.01	0.00	5.87	0.01	0.00
SRR29474912	28867003	26142679	90.56	4.12	0.01	0.00	5.31	0.01	0.00
SRR29474913	29065759	25935108	89.23	4.36	0.01	0.00	6.39	0.01	0.00
SRR29474914	26299691	23597922	89.73	4.39	0.01	0.00	5.87	0.01	0.00
SRR29474915	32442394	29191255	89.98	4.26	0.01	0.00	5.75	0.01	0.00
SRR29474916	28254277	25321038	89.62	4.28	0.01	0.00	6.08	0.01	0.00
SRR306861	31348600	25437812	81.14	12.20	0.39	0.00	6.18	0.10	0.00
SRR306862	32298298	26274620	81.35	12.18	0.35	0.00	6.03	0.09	0.00
SRR306863	25794805	20712100	80.30	12.41	0.41	0.00	6.77	0.11	0.00
SRR306864	29824134	23905709	80.16	12.07	0.76	0.00	6.88	0.13	0.00
SRR306865	29461648	24329102	82.58	11.22	0.40	0.00	5.74	0.07	0.00
SRR306866	30854584	17332487	56.17	21.20	3.04	0.00	19.08	0.51	0.00
SRR306867	28110788	12934105	46.01	19.43	2.73	0.00	31.35	0.48	0.00
SRR306868	32514397	20935283	64.39	14.68	1.39	0.00	19.30	0.24	0.00
SRR306869	27493890	16353103	59.48	14.28	1.54	0.00	24.41	0.29	0.00
SRR306870	28267549	15335053	54.25	17.70	2.14	0.00	25.58	0.34	0.00
SRR306871	26648732	15824578	59.38	28.34	4.30	0.00	7.03	0.94	0.00
SRR306872	26864600	15262330	56.81	32.62	4.63	0.00	5.17	0.77	0.00
SRR306874	30409741	20578116	67.67	21.06	2.68	0.00	8.02	0.58	0.00
SRR306875	29177566	20143996	69.04	22.22	2.26	0.00	6.02	0.46	0.00
SRR306877	26591486	22025854	82.83	11.35	0.43	0.00	5.31	0.09	0.00
SRR306884	30886661	16221662	52.52	24.37	3.90	0.00	18.69	0.51	0.00
SRR306885	31800477	21821025	68.62	19.32	1.84	0.00	9.93	0.29	0.00
SRR306886	25366866	16601476	65.45	16.32	1.68	0.00	16.18	0.38	0.00
SRR33595210	23290919	21214821	91.09	3.92	0.01	0.00	4.95	0.03	0.00
SRR33595211	25323658	23139717	91.38	4.06	0.01	0.00	4.53	0.03	0.00
SRR33595212	27631925	25291653	91.53	3.92	0.01	0.00	4.51	0.03	0.00
SRR33595213	24055680	21958973	91.28	3.99	0.01	0.00	4.69	0.03	0.00
SRR33595214	23709667	21210373	89.46	4.49	0.01	0.00	6.01	0.03	0.00
SRR33595215	20965935	18520851	88.34	4.49	0.01	0.00	7.13	0.03	0.00
SRR33595216	26414491	23726307	89.82	4.58	0.02	0.00	5.54	0.03	0.00
SRR33595217	24904945	22812670	91.60	4.23	0.01	0.00	4.13	0.03	0.00
SRR33595218	25012791	22959165	91.79	3.90	0.01	0.00	4.27	0.03	0.00
SRR33595219	26494033	24275093	91.62	3.94	0.01	0.00	4.40	0.03	0.00
SRR33595220	24627945	22599644	91.76	4.11	0.01	0.00	4.08	0.03	0.00
SRR33595221	27594672	25298766	91.68	4.12	0.01	0.00	4.16	0.03	0.00
SRR351932	8937385	7277338	81.43	12.95	0.39	0.00	5.15	0.09	0.00
SRR351933	9215826	7953642	86.30	7.61	0.02	0.00	6.06	0.00	0.00
SRR352195	37819742	33203816	87.79	6.85	0.04	0.00	5.31	0.00	0.00
SRR352196	37357966	32832899	87.89	6.88	0.03	0.00	5.20	0.00	0.00
SRR352198	54026640	46803461	86.63	6.89	0.03	0.00	6.45	0.00	0.00
SRR352200	55641968	48696543	87.52	7.24	0.03	0.00	5.22	0.00	0.00
SRR352201	60161953	53255009	88.52	6.03	0.03	0.00	5.42	0.00	0.00
SRR352202	37335675	30815921	82.54	6.58	0.04	0.00	10.84	0.00	0.00
